0 1 1
1 1 0
2 0 1
3 0 1
4 0 0
5 1 0
6 1 0
7 1 0
8 0 1
9 1 0
10 0 1
11 1 0
12 1 1
13 0 0
14 0 1
15 1 0
16 1 1
17 0 0
18 0 1
19 1 0
20 1 0
21 0 0
22 1 0
23 0 0
24 0 1
25 0 1
26 1 0
27 1 0
28 0 0
29 0 0
30 0 1
31 1 1
32 1 0
33 0 1
34 1 0
35 0 1
36 0 1
37 1 0
38 0 0
39 0 1
40 1 1
41 0 0
42 0 0
43 1 0
44 1 0
45 0 1
46 1 1
47 1 1
48 1 0
49 1 1
50 1 1
51 0 0
52 0 1
53 1 0
54 0 0
55 0 0
56 0 0
56 0 0
58 1 1
59 1 1
60 0 0
61 0 1
62 0 0
63 0 1
64 0 1
65 1 1
66 1 1
67 0 1
68 1 1
69 1 1
70 0 1
71 1 1
72 0 1
73 0 1
74 0 1
75 0 1
76 1 1
77 1 1
78 0 1
79 1 1
