0    0   1000
4    4   1000
8    8   1000
12    12   1000
16    16   1000
20    20   1000
24    24   1000
28    28   1000
32    32   1000
36    36   1000
40    40   1000
44    44   1000
48    48   1000
52    52   1000
56    56   1000
64    60   1000
68    64   1000
72    68   1000
76    72   1000
80    76   1000
84    80   1000
88    84   1000
92    88   1000
96    92   1000
100    96   1000
104    100   1000
108    104   1000
112    108   1000
116    112   1000
120    116   1000
124    120   1000
60     124   1000
125    131   100
126    132   100
