0 1 2 3 4 5 6 7     #MACs: 0-7      SDs: 0-7
0 1 2 3 4 5 6 7     #MACs: 8-15     SDs: 8-15
0 1 2 3 4 5 6 7     #NOT EXIST
0 1 2 3 4 5 6 7
0 1 2 3 4 5 6 7     #MACs: 32-39    SDs: 16-23
0 1 2 3 4 5 6 7     #MACs: 40-47    SDs: 24-31
0 1 2 3 4 5 6 7
0 1 2 3 4 5 6 7
1 0 2 3 5 4 7 6     #MACs: 64-71    SDs: 32-39
3 1 2 0 6 7 5 4     #MACs: 72-79    SDs: 40-47
0 2 1 3 5 4 6 7     #MACs: 80-87    SDs: 48-55
0 1 3 2 7 6 5 4     #MACs: 88-95    SDs: 56-63
0 1 2 3 4 5 6 7
0 1 2 3 4 5 6 7
0 1 2 3 4 5 6 7     #MACs: 112-119  SDs: 64-71
0 1 2 3 4 5 6 7     #MACs: 120-127  SDs: 72-79
