0    0   250
1    1   250
2    2   250
3    3   250
4    4   250
5    32   250
6    112   250
7    113   250
8    114   250
9    115   250
10    116   250
11    117   250
12    118   250
13    119   250
14    127   250
15    126   250
16    125   250
17    124   250
18    123   250
19    122   250
20    121   250
21    120   250
22    5   250
23    6   250
24    7   250
25    15   250
26    14   250
27    13   250
28    12   250
29    11   250
30    10   250
31    9   250
32    8   250
33    33   250
34    34   250
35    35   250
36    37   250
37    36   250
38    39   250
39    38   250
40    47   250
41    46   250
42    43   250
43    42   250
44    44   250
45    45   250
46    41   250
47    40   250
48    68   1000
49    69   250
50    70   250
51    71   250
52    64   1000
53    65   250
54    66   250
55    67   250
56    72   1000
57    73   250
58    74   250
59    75   250
64    76   1000
65    77   250
66    78   250
67    79   250
68    80   1000
69    81   250
70    82   250
71    83   250
72    84   1000
73    85   250
74    86   250
75    87   250
76    88   1000
77    89   250
78    90   250
79    91   250
80    92   1000
81    93   250
82    94   250
83    95   250
