# Port  lane    speed   DC  BW  HF  LF  sqlch   minLf   maxLf   minHf   maxHf
  0     0       10000   6   0  0   0   11
  1     0       10000   6   0  0   0   11
  2     0       10000   6   0  0   0   11
  3     0       10000   6   0  0   0   11
  4     0       10000   6   0  0   0   11
  5     0       10000   6   0  0   0   11
  6     0       10000   6   0  0   0   11
  7     0       10000   6   0  0   0   11
  8     0       10000   6   0  0   0   11
  9     0       10000   6   0  0   0   11
  10    0       10000   6   0  0   0   11
  11    0       10000   6   0  0   0   11
  12    0       10000   6   0  0   0   11
  13    0       10000   6   0  0   0   11
  14    0       10000   6   0  0   0   11
  15    0       10000   6   0  0   0   11
  16    0       10000   6   0  0   0   11
  17    0       10000   6   0  0   0   11
  18    0       10000   6   0  0   0   11
  19    0       10000   6   0  0   0   11
  20    0       10000   6   0  0   0   11
  21    0       10000   6   0  0   0   11
  22    0       10000   6   0  0   0   11
  23    0       10000   6   0  0   0   11
  24    0       10000   6   0  0   0   11
  25    0       10000   6   0  0   0   11
  26    0       10000   6   0  0   0   11
  27    0       10000   6   0  0   0   11
  28    0       10000   6   0  0   0   11
  29    0       10000   6   0  0   0   11
  30    0       10000   6   0  0   0   11
  31    0       10000   6   0  0   0   11
  32    0       10000   6   0  0   0   11
  33    0       10000   6   0  0   0   11
  34    0       10000   6   0  0   0   11
  35    0       10000   6   0  0   0   11
  36    0       10000   6   0  0   0   11
  37    0       10000   6   0  0   0   11
  38    0       10000   6   0  0   0   11
  39    0       10000   6   0  0   0   11
  40    0       10000   6   0  0   0   11
  41    0       10000   6   0  0   0   11
  42    0       10000   6   0  0   0   11
  43    0       10000   6   0  0   0   11
  44    0       10000   6   0  0   0   11
  45    0       10000   6   0  0   0   11
  46    0       10000   6   0  0   0   11
  47    0       10000   6   0  0   0   11
  64    0       40000   6   0  0   0   11
  64    1       40000   6   0  0   0   11
  64    2       40000   6   0  0   0   11
  64    3       40000   6   0  0   0   11
  68    0       40000   6   0  0   0   11
  68    1       40000   6   0  0   0   11
  68    2       40000   6   0  0   0   11
  68    3       40000   6   0  0   0   11
  72    0       40000   6   0  0   0   11
  72    1       40000   6   0  0   0   11
  72    2       40000   6   0  0   0   11
  72    3       40000   6   0  0   0   11
  76    0       40000   6   0  0   0   11
  76    1       40000   6   0  0   0   11
  76    2       40000   6   0  0   0   11
  76    3       40000   6   0  0   0   11
  80    0       40000   6   0  0   0   11
  80    1       40000   6   0  0   0   11
  80    2       40000   6   0  0   0   11
  80    3       40000   6   0  0   0   11
  84    0       40000   6   0  0   0   11
  84    1       40000   6   0  0   0   11
  84    2       40000   6   0  0   0   11
  84    3       40000   6   0  0   0   11
  88    0       40000   6   0  0   0   11
  88    1       40000   6   0  0   0   11
  88    2       40000   6   0  0   0   11
  88    3       40000   6   0  0   0   11
  92    0       40000   6   0  0   0   11
  92    1       40000   6   0  0   0   11
  92    2       40000   6   0  0   0   11
  92    3       40000   6   0  0   0   11
