0    0    1000
1    1    250
2    2    250
3    3    250
4    4    1000
5    5    250
6    6    250
7    7    250
8    8    1000
9    9    250
10    10    250
11    11    250
12    12    1000
13    13    250
14    14    250
15    15    250
16    16    1000
17    17    250
18    18    250
19    19    250
20    20    1000
21    21    250
22    22    250
23    23    250
24    24    1000
25    25    250
26    26    250
27    27    250
28    28    1000
29    29    250
30    30    250
31    31    250
32    32    1000
33    33    250
34    34    250
35    35    250
36    36    1000
37    37    250
38    38    250
39    39    250
40    40    1000
41    41    250
42    42    250
43    43    250
44    44    1000
45    45    250
46    46    250
47    47    250
48    48    1000
49    49    250
50    50    250
51    51    250
52    52    1000
53    53    250
54    54    250
55    55    250
56    56    1000
57    57    250
58    58    250
59    59    250
64    60    1000
65    61    250
66    62    250
67    63    250
68    64    1000
69    65    250
70    66    250
71    67    250
72    68    1000
73    69    250
74    70    250
75    71    250
76    72    1000
77    73    250
78    74    250
79    75    250
80    76    1000
81    77    250
82    78    250
83    79    250
84    80    1000
85    81    250
86    82    250
87    83    250
88    84    1000
89    85    250
90    86    250
91    87    250
92    88    1000
93    89    250
94    90    250
95    91    250
96    92    1000
97    93    250
98    94    250
99    95    250
100    96    1000
101    97    250
102    98    250
103    99    250
104    100    1000
105    101    250
106    102    250
107    103    250
108    104    1000
109    105    250
110    106    250
111    107    250
112    108    1000
113    109    250
114    110    250
115    111    250
116    112    1000
117    113    250
118    114    250
119    115    250
120    116    1000
121    117    250
122    118    250
123    119    250
124    120   1000
60     124   1000
125    131   100
126    132   100
