0 1 1
1 0 1
2 0 0
3 1 1
4 1 1
5 0 0
6 1 0
7 0 1
8 0 1
9 1 0
10 1 1
11 1 0
12 1 0
13 0 0
14 1 0
15 1 1
16 0 0
17 1 0
18 0 0
19 1 0
20 1 0
21 0 0
22 0 0
23 1 1
24 0 0
25 0 1
26 0 0
27 0 1
28 0 1
29 0 1
30 1 0
31 0 1
32 0 1
33 1 0
34 0 1
35 0 1
36 1 0
37 1 0
38 1 1
39 1 1
40 0 1
41 0 1
42 0 1
43 0 1
44 0 1
45 1 0
46 1 1
47 1 0
48 0 0
49 0 0
50 0 1
51 0 0
52 0 0
53 1 0
54 0 1
55 1 0
56 0 0
57 1 1
58 1 0
59 0 1
60 0 1
61 0 1
62 0 0
63 1 0
64 1 0
65 0 0
66 1 1
67 1 0
68 1 0
69 1 0
70 1 1
71 1 1
72 1 0
73 1 1
74 0 1
75 1 0
76 1 1
77 0 1
78 1 0
79 1 0
80 1 1
81 1 0
82 0 1
83 1 0
84 1 0
85 0 1
86 1 0
87 1 1
88 1 1
89 1 1
90 1 0
91 1 1
92 0 1
93 0 1
94 0 0
95 1 1
96 1 0
97 0 0
98 1 1
99 1 1
100 1 0
101 1 0
102 0 0
103 0 0
104 1 1
105 0 1
106 1 1
107 0 1
108 0 1
109 1 1
110 1 1
111 1 1
112 1 1
113 1 1
114 1 0
115 0 0
116 0 1
117 1 0
118 0 1
119 1 1
120 0 1
121 0 0
122 1 1
123 0 1
124 0 0
125 1 1
126 0 1
127 0 0
131 0 1
132 0 1
